0
0
1
1
1
1
1
1
1
1
0
0
0
1
0
1
1
1
1
0
0
0
0
0
0
0
1
0
0
0
1
1
1
1
1
1
1
1
1
1
1
1
1
1
1
1
1
1
1
1
1
1
1
1
1
1
1
1
1
1
0
Correct Prediction=44 Wrong Prediction=17
Accuracy 0.733333
****************************************
0
0
0
1
0
1
1
1
0
0
0
1
0
0
0
1
0
0
0
1
0
0
0
0
0
1
0
1
0
1
1
1
1
1
1
1
1
1
1
1
1
1
1
1
1
1
1
1
1
1
1
1
1
1
1
1
1
1
1
1
0
Correct Prediction=40 Wrong Prediction=21
Accuracy 0.666667
****************************************
1
1
1
0
1
0
0
1
0
0
1
1
0
1
1
0
1
1
0
1
1
0
0
0
1
0
0
0
0
1
1
1
1
1
1
1
1
1
1
1
1
1
1
1
1
1
0
1
1
1
1
1
1
1
1
1
1
1
1
1
0
Correct Prediction=44 Wrong Prediction=17
Accuracy 0.733333
****************************************
0
1
0
0
0
0
1
1
1
0
1
1
0
0
0
1
0
0
0
0
0
0
0
1
1
0
1
0
0
0
1
1
1
1
1
1
1
1
1
1
1
1
1
1
1
1
1
1
1
1
1
1
1
1
1
1
1
1
1
1
0
Correct Prediction=40 Wrong Prediction=21
Accuracy 0.666667
****************************************
0
0
0
1
1
0
0
1
1
0
0
0
1
0
0
0
0
1
1
0
0
0
0
0
1
0
1
0
0
0
1
1
1
1
1
1
1
1
1
1
1
1
1
1
1
1
1
1
1
1
1
1
1
1
1
1
1
1
1
1
0
Correct Prediction=39 Wrong Prediction=22
Accuracy 0.65
****************************************
0
1
0
0
0
0
0
0
0
0
0
0
0
1
1
0
0
0
0
1
1
0
0
0
0
0
0
0
0
1
1
1
1
1
1
1
1
1
1
1
1
1
1
1
1
1
1
1
1
1
1
1
1
1
1
1
1
1
1
1
0
Correct Prediction=36 Wrong Prediction=25
Accuracy 0.6
****************************************
1
0
1
1
0
0
0
0
0
0
0
0
0
0
0
0
0
0
0
1
1
1
0
0
1
0
0
0
0
0
1
1
1
1
1
1
1
1
1
1
1
1
1
1
1
1
1
1
1
1
1
1
1
1
1
1
1
1
1
1
0
Correct Prediction=37 Wrong Prediction=24
Accuracy 0.616667
****************************************
1
0
0
1
1
1
0
0
0
0
0
1
0
0
0
0
0
0
0
0
1
0
1
0
0
0
1
0
0
0
1
1
1
1
1
1
1
1
1
1
1
1
1
1
1
1
1
1
1
1
1
1
1
1
1
1
1
1
1
1
0
Correct Prediction=38 Wrong Prediction=23
Accuracy 0.633333
****************************************
0
1
0
0
0
1
0
0
0
0
0
0
0
1
0
1
0
1
0
1
0
0
0
1
1
0
1
1
0
0
1
1
1
1
1
1
1
1
1
1
1
1
1
1
1
1
1
1
1
1
1
1
1
1
1
1
1
1
1
1
0
Correct Prediction=40 Wrong Prediction=21
Accuracy 0.666667
****************************************
1
0
0
1
0
0
0
1
1
1
0
1
0
0
0
1
1
1
1
0
0
0
0
0
0
0
0
1
0
0
1
1
1
1
1
1
1
1
1
1
1
1
1
1
1
1
1
1
1
1
1
1
1
1
1
1
1
1
1
1
0
Correct Prediction=41 Wrong Prediction=20
Accuracy 0.683333
****************************************
Overall Accuracy =0.665
